0.020000 0.400035 0.576564 -2.320000 0.000000 0.640100 -0.960000 0.000000 0.360100 
0.040000 0.418859 0.595388 -2.320000 0.000000 0.640100 -0.960000 0.000000 0.360100 
0.060000 0.437917 0.613819 -2.320000 0.000000 0.660100 -0.960000 0.000000 0.360100 
0.080000 0.456960 0.632768 -2.240000 0.000000 0.620100 -0.880000 0.000000 0.320100 
0.100000 0.475882 0.651510 -2.240000 0.000000 0.620100 -0.880000 0.000000 0.320100 
0.120000 0.494915 0.669685 -2.240000 0.000000 0.640100 -0.880000 0.000000 0.320100 
0.140000 0.513632 0.687252 -2.240000 0.000000 0.640100 -0.880000 0.000000 0.320100 
0.160000 0.532119 0.704178 -2.160000 0.000000 0.600100 -0.880000 0.000000 0.320100 
0.180000 0.550573 0.720434 -2.160000 0.000000 0.620100 -0.880000 0.000000 0.320100 
0.200000 0.568596 0.736001 -2.160000 0.000000 0.620100 -0.880000 0.000000 0.320100 
0.220000 0.586110 0.750862 -2.080000 0.000000 0.580100 -0.880000 0.000000 0.320100 
0.240000 0.603502 0.766032 -2.080000 0.000000 0.600100 -0.800000 0.000000 0.280100 
0.260000 0.620496 0.780631 -2.080000 0.000000 0.600100 -0.800000 0.000000 0.280100 
0.280000 0.636831 0.794455 -2.080000 0.000000 0.600100 -0.800000 0.000000 0.280100 
0.300000 0.652646 0.807509 -2.000000 0.000000 0.560100 -0.800000 0.000000 0.280100 
0.320000 0.668362 0.819804 -2.000000 0.000000 0.580100 -0.800000 0.000000 0.280100 
0.340000 0.683397 0.831354 -2.000000 0.000000 0.580100 -0.800000 0.000000 0.280100 
0.360000 0.697696 0.842180 -2.000000 0.000000 0.580100 -0.800000 0.000000 0.280100 
0.380000 0.711549 0.852303 -1.920000 0.000000 0.560100 -0.800000 0.000000 0.280100 
0.400000 0.725235 0.861862 -1.920000 0.000000 0.560100 -0.720000 0.000000 0.240100 
0.420000 0.738175 0.871697 -1.920000 0.000000 0.560100 -0.720000 0.000000 0.240100 
0.440000 0.750370 0.880841 -1.920000 0.000000 0.560100 -0.720000 0.000000 0.240100 
0.460000 0.762151 0.889324 -1.840000 0.000000 0.520100 -0.720000 0.000000 0.240100 
0.480000 0.773745 0.897180 -1.840000 0.000000 0.540100 -0.720000 0.000000 0.240100 
0.500000 0.784681 0.904439 -1.840000 0.000000 0.540100 -0.720000 0.000000 0.240100 
0.520000 0.794909 0.911137 -1.840000 0.000000 0.540100 -0.720000 0.000000 0.240100 
0.540000 0.804697 0.917306 -1.760000 0.000000 0.500100 -0.720000 0.000000 0.240100 
0.560000 0.814237 0.922978 -1.760000 0.000000 0.520100 -0.720000 0.000000 0.240100 
0.580000 0.823398 0.928187 -1.760000 0.000000 0.520100 -0.720000 0.000000 0.240100 
0.600000 0.831914 0.933237 -1.760000 0.000000 0.520100 -0.640000 0.000000 0.200100 
0.620000 0.839814 0.938399 -1.680000 0.000000 0.480100 -0.640000 0.000000 0.200100 
0.640000 0.847679 0.943124 -1.680000 0.000000 0.480100 -0.640000 0.000000 0.200100 
0.660000 0.855124 0.947444 -1.680000 0.000000 0.500100 -0.640000 0.000000 0.200100 
0.680000 0.862231 0.951386 -1.680000 0.000000 0.500100 -0.640000 0.000000 0.200100 
0.700000 0.868784 0.954979 -1.680000 0.000000 0.500100 -0.640000 0.000000 0.200100 
0.720000 0.874973 0.958249 -1.600000 0.000000 0.460100 -0.640000 0.000000 0.200100 
0.740000 0.881098 0.961222 -1.600000 0.000000 0.460100 -0.640000 0.000000 0.200100 
0.760000 0.886737 0.963921 -1.600000 0.000000 0.480100 -0.640000 0.000000 0.200100 
0.780000 0.892254 0.966369 -1.600000 0.000000 0.480100 -0.640000 0.000000 0.200100 
0.800000 0.897305 0.968587 -1.600000 0.000000 0.480100 -0.640000 0.000000 0.200100 
0.820000 0.902035 0.970676 -1.520000 0.000000 0.440100 -0.560000 0.000000 0.160100 
0.840000 0.906859 0.973050 -1.520000 0.000000 0.440100 -0.560000 0.000000 0.160100 
0.860000 0.911263 0.975201 -1.520000 0.000000 0.440100 -0.560000 0.000000 0.160100 
0.880000 0.915311 0.977158 -1.520000 0.000000 0.460100 -0.560000 0.000000 0.180100 
0.900000 0.919265 0.978933 -1.520000 0.000000 0.460100 -0.560000 0.000000 0.180100 
0.920000 0.922844 0.980537 -1.520000 0.000000 0.460100 -0.560000 0.000000 0.180100 
0.940000 0.926560 0.981983 -1.440000 0.000000 0.420100 -0.560000 0.000000 0.180100 
0.960000 0.930104 0.983287 -1.440000 0.000000 0.420100 -0.560000 0.000000 0.180100 
0.980000 0.933310 0.984459 -1.440000 0.000000 0.420100 -0.560000 0.000000 0.180100 
1.000000 0.936194 0.985513 -1.440000 0.000000 0.420100 -0.560000 0.000000 0.180100 
1.020000 0.938952 0.986459 -1.440000 0.000000 0.440100 -0.560000 0.000000 0.180100 
1.040000 0.941527 0.987306 -1.440000 0.000000 0.440100 -0.560000 0.000000 0.180100 
1.060000 0.944386 0.988065 -1.360000 0.000000 0.400100 -0.560000 0.000000 0.180100 
1.080000 0.947071 0.988743 -1.360000 0.000000 0.400100 -0.560000 0.000000 0.180100 
1.100000 0.949482 0.989579 -1.360000 0.000000 0.400100 -0.480000 0.000000 0.140100 
1.120000 0.951632 0.990455 -1.360000 0.000000 0.400100 -0.480000 0.000000 0.140100 
1.140000 0.953530 0.991243 -1.360000 0.000000 0.400100 -0.480000 0.000000 0.140100 
1.160000 0.955374 0.991950 -1.280000 0.000000 0.360100 -0.480000 0.000000 0.140100 
1.180000 0.957495 0.992585 -1.280000 0.000000 0.360100 -0.480000 0.000000 0.140100 
1.200000 0.959404 0.993152 -1.280000 0.000000 0.380100 -0.480000 0.000000 0.140100 
1.220000 0.961319 0.993659 -1.280000 0.000000 0.380100 -0.480000 0.000000 0.140100 
1.240000 0.963019 0.994111 -1.280000 0.000000 0.380100 -0.480000 0.000000 0.140100 
1.260000 0.964512 0.994513 -1.280000 0.000000 0.380100 -0.480000 0.000000 0.140100 
1.280000 0.965806 0.994870 -1.280000 0.000000 0.380100 -0.480000 0.000000 0.140100 
1.300000 0.967131 0.995186 -1.200000 0.000000 0.340100 -0.480000 0.000000 0.140100 
1.320000 0.968736 0.995465 -1.200000 0.000000 0.340100 -0.480000 0.000000 0.140100 
1.340000 0.970156 0.995711 -1.200000 0.000000 0.340100 -0.480000 0.000000 0.140100 
1.360000 0.971400 0.995927 -1.200000 0.000000 0.340100 -0.480000 0.000000 0.140100 
1.380000 0.972533 0.996116 -1.200000 0.000000 0.360100 -0.480000 0.000000 0.140100 
1.400000 0.973649 0.996281 -1.200000 0.000000 0.360100 -0.480000 0.000000 0.140100 
1.420000 0.974604 0.996425 -1.200000 0.000000 0.360100 -0.480000 0.000000 0.140100 
1.440000 0.975405 0.996740 -1.200000 0.000000 0.360100 -0.400000 0.000000 0.100100 
1.460000 0.976506 0.997029 -1.120000 0.000000 0.320100 -0.400000 0.000000 0.100100 
1.480000 0.977680 0.997287 -1.120000 0.000000 0.320100 -0.400000 0.000000 0.100100 
1.500000 0.978708 0.997518 -1.120000 0.000000 0.320100 -0.400000 0.000000 0.100100 
1.520000 0.979597 0.997722 -1.120000 0.000000 0.320100 -0.400000 0.000000 0.100100 
1.540000 0.980352 0.997904 -1.120000 0.000000 0.320100 -0.400000 0.000000 0.100100 
1.560000 0.980977 0.998065 -1.120000 0.000000 0.320100 -0.400000 0.000000 0.100100 
1.580000 0.981517 0.998206 -1.120000 0.000000 0.340100 -0.400000 0.000000 0.100100 
1.600000 0.982069 0.998331 -1.120000 0.000000 0.340100 -0.400000 0.000000 0.100100 
1.620000 0.982912 0.998439 -1.040000 0.000000 0.280100 -0.400000 0.000000 0.100100 
1.640000 0.983714 0.998533 -1.040000 0.000000 0.280100 -0.400000 0.000000 0.100100 
1.660000 0.984409 0.998615 -1.040000 0.000000 0.300100 -0.400000 0.000000 0.100100 
1.680000 0.985139 0.998685 -1.040000 0.000000 0.300100 -0.400000 0.000000 0.100100 
1.700000 0.985761 0.998744 -1.040000 0.000000 0.300100 -0.400000 0.000000 0.100100 
1.720000 0.986278 0.998794 -1.040000 0.000000 0.300100 -0.400000 0.000000 0.100100 
1.740000 0.986693 0.998836 -1.040000 0.000000 0.300100 -0.400000 0.000000 0.100100 
1.760000 0.987012 0.998871 -1.040000 0.000000 0.300100 -0.400000 0.000000 0.100100 
1.780000 0.987238 0.998899 -1.040000 0.000000 0.300100 -0.400000 0.000000 0.100100 
1.800000 0.987802 0.998921 -0.960000 0.000000 0.260100 -0.400000 0.000000 0.100100 
1.820000 0.988465 0.998938 -0.960000 0.000000 0.260100 -0.400000 0.000000 0.100100 
1.840000 0.989037 0.998950 -0.960000 0.000000 0.260100 -0.400000 0.000000 0.100100 
1.860000 0.989521 0.998960 -0.960000 0.000000 0.260100 -0.320000 0.000000 0.060100 
1.880000 0.989920 0.999057 -0.960000 0.000000 0.260100 -0.320000 0.000000 0.060100 
1.900000 0.990237 0.999144 -0.960000 0.000000 0.260100 -0.320000 0.000000 0.060100 
1.920000 0.990507 0.999221 -0.960000 0.000000 0.280100 -0.320000 0.000000 0.060100 
1.940000 0.990790 0.999289 -0.960000 0.000000 0.280100 -0.320000 0.000000 0.060100 
1.960000 0.990997 0.999350 -0.960000 0.000000 0.280100 -0.320000 0.000000 0.060100 
1.980000 0.991132 0.999403 -0.960000 0.000000 0.280100 -0.320000 0.000000 0.060100 
2.000000 0.991319 0.999450 -0.880000 0.000000 0.220100 -0.320000 0.000000 0.060100 
