0.020000 0.353039 0.484648 0.613161 -3.200000 0.000000 0.740100 -1.600000 0.000000 0.440100 -0.720000 0.000000 0.260100 
0.040000 0.374019 0.508041 0.635360 -3.120000 0.000000 0.720100 -1.600000 0.000000 0.440100 -0.720000 0.000000 0.260100 
0.060000 0.395277 0.531125 0.656941 -3.120000 0.000000 0.720100 -1.600000 0.000000 0.440100 -0.720000 0.000000 0.260100 
0.080000 0.416512 0.553793 0.678053 -3.040000 0.000000 0.700100 -1.600000 0.000000 0.440100 -0.720000 0.000000 0.240100 
0.100000 0.437865 0.575972 0.698433 -3.040000 0.000000 0.700100 -1.520000 0.000000 0.400100 -0.720000 0.000000 0.240100 
0.120000 0.458971 0.598473 0.717987 -2.960000 0.000000 0.680100 -1.520000 0.000000 0.420100 -0.720000 0.000000 0.240100 
0.140000 0.480084 0.620406 0.736671 -2.960000 0.000000 0.680100 -1.520000 0.000000 0.420100 -0.720000 0.000000 0.240100 
0.160000 0.500726 0.641571 0.754453 -2.960000 0.000000 0.680100 -1.520000 0.000000 0.420100 -0.720000 0.000000 0.240100 
0.180000 0.521278 0.661906 0.771310 -2.880000 0.000000 0.660100 -1.520000 0.000000 0.420100 -0.720000 0.000000 0.240100 
0.200000 0.541321 0.681359 0.787233 -2.960000 0.000000 0.700100 -1.520000 0.000000 0.420100 -0.720000 0.000000 0.240100 
0.220000 0.561065 0.700659 0.803113 -2.880000 0.000000 0.680100 -1.440000 0.000000 0.380100 -0.640000 0.000000 0.200100 
0.240000 0.580336 0.719088 0.818605 -2.880000 0.000000 0.680100 -1.440000 0.000000 0.380100 -0.640000 0.000000 0.200100 
0.260000 0.598916 0.736525 0.833056 -2.800000 0.000000 0.660100 -1.440000 0.000000 0.380100 -0.640000 0.000000 0.200100 
0.280000 0.617144 0.753067 0.846490 -2.800000 0.000000 0.660100 -1.440000 0.000000 0.400100 -0.640000 0.000000 0.200100 
0.300000 0.634508 0.768755 0.858940 -2.800000 0.000000 0.660100 -1.440000 0.000000 0.400100 -0.640000 0.000000 0.200100 
0.320000 0.651461 0.783801 0.870444 -2.720000 0.000000 0.640100 -1.360000 0.000000 0.360100 -0.640000 0.000000 0.200100 
0.340000 0.667675 0.798384 0.881044 -2.720000 0.000000 0.640100 -1.360000 0.000000 0.360100 -0.640000 0.000000 0.200100 
0.360000 0.683106 0.811976 0.890788 -2.640000 0.000000 0.620100 -1.360000 0.000000 0.360100 -0.640000 0.000000 0.200100 
0.380000 0.698184 0.824607 0.899723 -2.640000 0.000000 0.620100 -1.360000 0.000000 0.360100 -0.640000 0.000000 0.200100 
0.400000 0.712348 0.836312 0.907901 -2.640000 0.000000 0.620100 -1.360000 0.000000 0.360100 -0.640000 0.000000 0.200100 
0.420000 0.725972 0.847132 0.915371 -2.560000 0.000000 0.600100 -1.360000 0.000000 0.360100 -0.640000 0.000000 0.200100 
0.440000 0.739078 0.857303 0.922813 -2.560000 0.000000 0.600100 -1.280000 0.000000 0.340100 -0.560000 0.000000 0.160100 
0.460000 0.751300 0.867503 0.929943 -2.560000 0.000000 0.600100 -1.280000 0.000000 0.340100 -0.560000 0.000000 0.160100 
0.480000 0.763384 0.876886 0.936401 -2.560000 0.000000 0.620100 -1.280000 0.000000 0.340100 -0.560000 0.000000 0.160100 
0.500000 0.774682 0.885498 0.942242 -2.560000 0.000000 0.620100 -1.280000 0.000000 0.340100 -0.560000 0.000000 0.160100 
0.520000 0.785225 0.893386 0.947515 -2.480000 0.000000 0.600100 -1.280000 0.000000 0.340100 -0.560000 0.000000 0.160100 
0.540000 0.795678 0.900595 0.952269 -2.480000 0.000000 0.600100 -1.280000 0.000000 0.340100 -0.560000 0.000000 0.160100 
0.560000 0.805345 0.907172 0.956548 -2.480000 0.000000 0.600100 -1.280000 0.000000 0.340100 -0.560000 0.000000 0.160100 
0.580000 0.814303 0.913757 0.960397 -2.400000 0.000000 0.580100 -1.200000 0.000000 0.300100 -0.560000 0.000000 0.160100 
0.600000 0.823302 0.919872 0.963855 -2.400000 0.000000 0.580100 -1.200000 0.000000 0.300100 -0.560000 0.000000 0.160100 
0.620000 0.831585 0.925432 0.966959 -2.400000 0.000000 0.580100 -1.200000 0.000000 0.300100 -0.560000 0.000000 0.160100 
0.640000 0.839177 0.930478 0.969745 -2.400000 0.000000 0.580100 -1.200000 0.000000 0.300100 -0.560000 0.000000 0.160100 
0.660000 0.846842 0.935215 0.972243 -2.320000 0.000000 0.560100 -1.200000 0.000000 0.320100 -0.560000 0.000000 0.160100 
0.680000 0.853986 0.939527 0.974484 -2.320000 0.000000 0.560100 -1.200000 0.000000 0.320100 -0.560000 0.000000 0.160100 
0.700000 0.860506 0.943426 0.977016 -2.320000 0.000000 0.560100 -1.200000 0.000000 0.320100 -0.480000 0.000000 0.120100 
0.720000 0.866830 0.947553 0.979280 -2.240000 0.000000 0.540100 -1.120000 0.000000 0.280100 -0.480000 0.000000 0.120100 
0.740000 0.873063 0.951308 0.981297 -2.240000 0.000000 0.540100 -1.120000 0.000000 0.280100 -0.480000 0.000000 0.120100 
0.760000 0.878734 0.954697 0.983092 -2.240000 0.000000 0.540100 -1.120000 0.000000 0.280100 -0.480000 0.000000 0.120100 
0.780000 0.883866 0.957750 0.984688 -2.240000 0.000000 0.540100 -1.120000 0.000000 0.280100 -0.480000 0.000000 0.120100 
0.800000 0.889244 0.960495 0.986107 -2.160000 0.000000 0.520100 -1.120000 0.000000 0.280100 -0.480000 0.000000 0.120100 
0.820000 0.894265 0.962959 0.987366 -2.160000 0.000000 0.520100 -1.120000 0.000000 0.280100 -0.480000 0.000000 0.120100 
0.840000 0.898798 0.965166 0.988484 -2.160000 0.000000 0.520100 -1.120000 0.000000 0.280100 -0.480000 0.000000 0.120100 
0.860000 0.903017 0.967213 0.989476 -2.160000 0.000000 0.540100 -1.040000 0.000000 0.240100 -0.480000 0.000000 0.120100 
0.880000 0.907399 0.969565 0.990356 -2.080000 0.000000 0.500100 -1.040000 0.000000 0.260100 -0.480000 0.000000 0.120100 
0.900000 0.911501 0.971737 0.991137 -2.080000 0.000000 0.500100 -1.040000 0.000000 0.260100 -0.480000 0.000000 0.120100 
0.920000 0.915178 0.973685 0.991830 -2.080000 0.000000 0.500100 -1.040000 0.000000 0.260100 -0.480000 0.000000 0.120100 
0.940000 0.918712 0.975428 0.992445 -2.080000 0.000000 0.520100 -1.040000 0.000000 0.260100 -0.480000 0.000000 0.120100 
0.960000 0.922199 0.976984 0.992992 -2.080000 0.000000 0.520100 -1.040000 0.000000 0.260100 -0.480000 0.000000 0.120100 
0.980000 0.925585 0.978370 0.993479 -2.000000 0.000000 0.480100 -1.040000 0.000000 0.260100 -0.480000 0.000000 0.120100 
1.000000 0.928638 0.979602 0.994015 -2.000000 0.000000 0.480100 -1.040000 0.000000 0.260100 -0.400000 0.000000 0.080100 
1.020000 0.931515 0.980693 0.994600 -2.000000 0.000000 0.500100 -1.040000 0.000000 0.260100 -0.400000 0.000000 0.080100 
1.040000 0.934436 0.982005 0.995116 -2.000000 0.000000 0.500100 -0.960000 0.000000 0.220100 -0.400000 0.000000 0.080100 
1.060000 0.937111 0.983231 0.995571 -1.920000 0.000000 0.460100 -0.960000 0.000000 0.220100 -0.400000 0.000000 0.080100 
1.080000 0.939729 0.984319 0.995972 -1.920000 0.000000 0.460100 -0.960000 0.000000 0.220100 -0.400000 0.000000 0.080100 
1.100000 0.942028 0.985283 0.996336 -1.920000 0.000000 0.460100 -0.960000 0.000000 0.220100 -0.400000 0.000000 0.100100 
1.120000 0.944487 0.986132 0.996662 -1.920000 0.000000 0.480100 -0.960000 0.000000 0.220100 -0.400000 0.000000 0.100100 
1.140000 0.946711 0.986879 0.996949 -1.920000 0.000000 0.480100 -0.960000 0.000000 0.220100 -0.400000 0.000000 0.100100 
1.160000 0.948833 0.987606 0.997202 -1.840000 0.000000 0.440100 -0.960000 0.000000 0.240100 -0.400000 0.000000 0.100100 
1.180000 0.950885 0.988279 0.997424 -1.840000 0.000000 0.440100 -0.960000 0.000000 0.240100 -0.400000 0.000000 0.100100 
1.200000 0.952683 0.988869 0.997620 -1.840000 0.000000 0.460100 -0.960000 0.000000 0.240100 -0.400000 0.000000 0.100100 
1.220000 0.954688 0.989563 0.997793 -1.840000 0.000000 0.460100 -0.880000 0.000000 0.200100 -0.400000 0.000000 0.100100 
1.240000 0.956429 0.990320 0.997945 -1.840000 0.000000 0.460100 -0.880000 0.000000 0.200100 -0.400000 0.000000 0.100100 
1.260000 0.958097 0.990990 0.998078 -1.760000 0.000000 0.420100 -0.880000 0.000000 0.200100 -0.400000 0.000000 0.100100 
1.280000 0.959773 0.991580 0.998196 -1.760000 0.000000 0.420100 -0.880000 0.000000 0.200100 -0.400000 0.000000 0.100100 
1.300000 0.961209 0.992098 0.998299 -1.760000 0.000000 0.420100 -0.880000 0.000000 0.200100 -0.400000 0.000000 0.100100 
1.320000 0.962776 0.992550 0.998391 -1.760000 0.000000 0.440100 -0.880000 0.000000 0.200100 -0.400000 0.000000 0.100100 
1.340000 0.964202 0.992942 0.998472 -1.760000 0.000000 0.440100 -0.880000 0.000000 0.200100 -0.400000 0.000000 0.100100 
1.360000 0.965423 0.993280 0.998640 -1.680000 0.000000 0.400100 -0.880000 0.000000 0.200100 -0.320000 0.000000 0.060100 
1.380000 0.966873 0.993569 0.998789 -1.680000 0.000000 0.400100 -0.880000 0.000000 0.200100 -0.320000 0.000000 0.060100 
1.400000 0.968110 0.993814 0.998920 -1.680000 0.000000 0.400100 -0.880000 0.000000 0.200100 -0.320000 0.000000 0.060100 
1.420000 0.969176 0.994020 0.999036 -1.680000 0.000000 0.420100 -0.880000 0.000000 0.200100 -0.320000 0.000000 0.060100 
1.440000 0.970420 0.994356 0.999137 -1.680000 0.000000 0.420100 -0.800000 0.000000 0.160100 -0.320000 0.000000 0.060100 
1.460000 0.971467 0.994705 0.999226 -1.680000 0.000000 0.420100 -0.800000 0.000000 0.160100 -0.320000 0.000000 0.060100 
1.480000 0.972456 0.995082 0.999303 -1.600000 0.000000 0.380100 -0.800000 0.000000 0.180100 -0.320000 0.000000 0.060100 
1.500000 0.973608 0.995425 0.999371 -1.600000 0.000000 0.380100 -0.800000 0.000000 0.180100 -0.320000 0.000000 0.060100 
1.520000 0.974578 0.995724 0.999430 -1.600000 0.000000 0.380100 -0.800000 0.000000 0.180100 -0.320000 0.000000 0.060100 
1.540000 0.975371 0.995985 0.999481 -1.600000 0.000000 0.380100 -0.800000 0.000000 0.180100 -0.320000 0.000000 0.060100 
1.560000 0.976297 0.996209 0.999526 -1.600000 0.000000 0.400100 -0.800000 0.000000 0.180100 -0.320000 0.000000 0.060100 
1.580000 0.977117 0.996401 0.999564 -1.600000 0.000000 0.400100 -0.800000 0.000000 0.180100 -0.320000 0.000000 0.060100 
1.600000 0.977802 0.996563 0.999597 -1.520000 0.000000 0.360100 -0.800000 0.000000 0.180100 -0.320000 0.000000 0.060100 
1.620000 0.978794 0.996699 0.999626 -1.520000 0.000000 0.360100 -0.800000 0.000000 0.180100 -0.320000 0.000000 0.060100 
1.640000 0.979626 0.996811 0.999650 -1.520000 0.000000 0.360100 -0.800000 0.000000 0.180100 -0.320000 0.000000 0.060100 
1.660000 0.980303 0.996902 0.999671 -1.520000 0.000000 0.360100 -0.800000 0.000000 0.180100 -0.320000 0.000000 0.060100 
1.680000 0.980832 0.997055 0.999689 -1.520000 0.000000 0.360100 -0.720000 0.000000 0.140100 -0.320000 0.000000 0.060100 
1.700000 0.981526 0.997267 0.999704 -1.520000 0.000000 0.380100 -0.720000 0.000000 0.140100 -0.320000 0.000000 0.060100 
1.720000 0.982094 0.997450 0.999717 -1.520000 0.000000 0.380100 -0.720000 0.000000 0.140100 -0.320000 0.000000 0.060100 
1.740000 0.982682 0.997607 0.999728 -1.440000 0.000000 0.340100 -0.720000 0.000000 0.140100 -0.320000 0.000000 0.060100 
1.760000 0.983477 0.997739 0.999738 -1.440000 0.000000 0.340100 -0.720000 0.000000 0.140100 -0.320000 0.000000 0.060100 
1.780000 0.984136 0.997850 0.999746 -1.440000 0.000000 0.340100 -0.720000 0.000000 0.140100 -0.320000 0.000000 0.060100 
1.800000 0.984663 0.997941 0.999753 -1.440000 0.000000 0.340100 -0.720000 0.000000 0.140100 -0.320000 0.000000 0.060100 
1.820000 0.985063 0.998014 0.999758 -1.440000 0.000000 0.340100 -0.720000 0.000000 0.140100 -0.320000 0.000000 0.060100 
1.840000 0.985443 0.998071 0.999763 -1.440000 0.000000 0.360100 -0.720000 0.000000 0.140100 -0.320000 0.000000 0.060100 
1.860000 0.985887 0.998143 0.999767 -1.440000 0.000000 0.360100 -0.720000 0.000000 0.160100 -0.320000 0.000000 0.060100 
1.880000 0.986210 0.998225 0.999771 -1.440000 0.000000 0.360100 -0.720000 0.000000 0.160100 -0.320000 0.000000 0.060100 
1.900000 0.986898 0.998293 0.999774 -1.360000 0.000000 0.320100 -0.720000 0.000000 0.160100 -0.320000 0.000000 0.060100 
1.920000 0.987495 0.998349 0.999777 -1.360000 0.000000 0.320100 -0.720000 0.000000 0.160100 -0.320000 0.000000 0.060100 
1.940000 0.987978 0.998392 0.999779 -1.360000 0.000000 0.320100 -0.720000 0.000000 0.160100 -0.320000 0.000000 0.060100 
1.960000 0.988350 0.998427 0.999782 -1.360000 0.000000 0.320100 -0.640000 0.000000 0.120100 -0.320000 0.000000 0.060100 
1.980000 0.988616 0.998566 0.999784 -1.360000 0.000000 0.320100 -0.640000 0.000000 0.120100 -0.320000 0.000000 0.060100 
2.000000 0.988778 0.998687 0.999802 -1.360000 0.000000 0.320100 -0.640000 0.000000 0.120100 -0.240000 0.000000 0.040100 
